 36 248  70 100  44  20 212 252 181  51 118 195  53   7  90  46 
 58 241 178 108 216  17  95 137 115 240  80   2 113  72 174 227 
118  79 247  36   9 190  44   0 111 167 244 214 183  88  95 107 
207 102 127 143  84 163 196 108  21 179  85 134 254 164  90   3 
220 215 117  43  48  26 127 180 202  12 162  63 164  61  48  95 
154  44  36 174 203   4 242  82 135  42 108 229 228 236 132 113 
  3  58  96 109 171 231 135 147 172 225 157 177 179 167 202 114 
123 161 223 229  73 193 157  68  47 160  42  68 202 224  23 188 
156 134 135  35  16 193  61 149 224 184 177 212  72 233 113 131 
217 105 148 103  35 240  44 141  12 170 135 221 191 199 141 245 
206  72 185  31 253  99 139 220 239 113 198  40 198  37 223 220 
229 215  26 219 232 122  90 161 118 203 201 237 212  54 129  67 
214  89 204  60  63 194  86  86 106 168  98 224 173 132  41  60 
 19  87  77  96  94 238 248  38  12   3  38  34 231  24 158 186 
159 142 139 107  92  86 110 101  40  49   1  42  12 216 254 212 
 10 153  16  95 105 130  85  41  32  15  54 122  22 149 214  21 
109 199 126   9 144 181 122 105 198 101 105 195 231  94  26 125 
230 203 180  98 172  13 255 192 156 132  52  90 253 159 246   6 
254 252 115 214  98 163 149  38 204 155  34 145 140   9 242   4 
 78 190  13 123 254  20 233 160 133 235 222 134 117  72 184  24 
 46 237 111 162   5  96  16 128 193 191  42 105 231  47 198 193 
135 209 230   6 112 234  96  14 218 115  52 170  29   1 166 195 
 99 107 115  36 222   5  94  58 177 161  90  59  19  47  43  74 
119 212  91 243  21 236 206 148  67 201  60 150 177 111  29 231 
137 180 146 241  98 236  91 212  33 153 168 210  35  73 137 252 
222 112  11 246  50 149 245  22 222  29 152 104   4 255 144  81 
 71  74 222  26 213  89 217 210 235 234  96 255  26  50 211  21 
115  33 148  77  68 236 116 165 191 236  19  93 214  44  80  67 
185   3   1 202  47 103 245 145 230 132 188 198  58 255 135 182 
 35 200 221  79  35 155 254 108  95  66 174 205 201 199  21 177 
 58 164 245   5  50 102 106   8 100  29  47 220 160  94 170 235 
 97 203 187 153  92 230 117   7 128 130  51 214 168 209  72 186 
231 122 156  72 117 254 112  20  42  20 241 143 107 116 108 154 
122  72 104  89  32 115  63 214  73 145 186 171  55 129  26 128 
 91 218 181 232  62 148 106 105  54 197 252 225 166 114  65 219 
244 231 243 105 178 222 211  58 134 156 133 161 226  83 207 195 
101  68 253  43 211 188 173  98  71 144  38  12 230  57 214  47 
 87 170   1 220  77 136 211 245  21 142 233  74 178   1 107  72 
 10  50  93 131  52  58 232  22 244 148  84 137 171 134 109 236 
177 110  86 153  56 128  72 143 211  96  17 229 167   0 106 196 
178  14  79 247  52   8 159 157 255 100 114  61 235 139 187 210 
118 171  53  84 169  60  13 243 210 234 148  96 233  80 249  81 
 67  34  23 231 207 105 198 224 227 225  26  95  46   3 169  74 
 10 206  24  11 255 131  93 202 201 181  52  46  44  97 135 115 
 44 104 134 171  37   1 103  48  27  92 167 251  70  55 127 232 
 55 103  52 119  54  65 174 116  95 169 160 161 255  51  57 162 
239  67 237 125 110  62  28  50 249  31 222  96  85  49 182 189 
 95  20 154 151 147 178 184 219 106  55 168 154 183  63 235 120 
157 240   1 191  11 238 146  50 130 133 113 249  81  21  73  54 
147  66 174  19 152  76 198 164 217 132 217  47  79 169 255   6 
239 112 159  29  23 157  44  82 231  78 231  55 117  99 170 177 
242 222 227  80 107 231  24 164 176  32 254 176  37 175 136   8 
 75 102 165  88 123 149 116  58 148 237 192 134 134  95  22 184 
 50 208 135  66  82 210   0  49 218 170 224 140 106 154 172   8 
165  46 171  13 232 220  99 207  25 217 143 141 131 138  42  42 
 99  16  49 161 225 134  73 133 245  95 221 170  50 117 200 160 
197 250 143 248  45 231  65 221  50 104 158 195 211  90 133  78 
243 200 105 134 233 187  69  95  55 134 127  33 227 187 117 252 
237  48  73 112 167 228 139  48 139 206 174  63  53 171 240  42 
193  85  59 191 237  16  62  33  53  41 158 180  39 234 174 207 
221 222  45 254  33  39 224 142 237  82 115 100  36  12  95  60 
120 171 135 136  38  82 158 217  81 133  84 209 114 159  59   6 
 74  72 166 124 156 139  30 117  65 215  53 133  84 193  42 242 
 86  55 245 194 181 125 122 166   6 167   1 227  34  27  33  30 
